********************************
Building MDP
Solving using modified Policy Iteration
********************************
Printing Solution
Solution of MDP problem 
Size of the state space : 1616
Dimension to follow : 1
#############################################
# Average Cost (only for average models) :        0.0304523
# Solution of the entered problem model:
# - column 1: index of the state
# - column 2: Value function 
# - column 3: Optimal action 
#
 etat : 0	(   0,   0)	          118.93   1
 etat : 1	(   0,   1)	         119.048   1
 etat : 2	(   0,   2)	          119.18   2
 etat : 3	(   0,   3)	         119.323   2
 etat : 4	(   0,   4)	         119.484   2
 etat : 5	(   0,   5)	         119.654   2
 etat : 6	(   0,   6)	          119.84   2
 etat : 7	(   0,   7)	          120.04   2
 etat : 8	(   0,   8)	         120.253   2
 etat : 9	(   0,   9)	         120.481   2
 etat : 10	(   0,  10)	         120.725   2
 etat : 11	(   0,  11)	         120.982   2
 etat : 12	(   0,  12)	         121.258   2
 etat : 13	(   0,  13)	         121.553   2
 etat : 14	(   0,  14)	         121.869   2
 etat : 15	(   0,  15)	         122.208   2
 etat : 16	(   0,  16)	         122.572   2
 etat : 17	(   0,  17)	          122.96   2
 etat : 18	(   0,  18)	         123.372   2
 etat : 19	(   0,  19)	          123.81   2
 etat : 20	(   0,  20)	         124.272   2
 etat : 21	(   0,  21)	         124.759   2
 etat : 22	(   0,  22)	          125.27   2
 etat : 23	(   0,  23)	         125.806   2
 etat : 24	(   0,  24)	         126.365   2
 etat : 25	(   0,  25)	         126.948   2
 etat : 26	(   0,  26)	         127.553   2
 etat : 27	(   0,  27)	          128.18   2
 etat : 28	(   0,  28)	         128.827   2
 etat : 29	(   0,  29)	         129.492   2
 etat : 30	(   0,  30)	         130.173   2
 etat : 31	(   0,  31)	         130.865   2
 etat : 32	(   0,  32)	         131.564   2
 etat : 33	(   0,  33)	         132.265   2
 etat : 34	(   0,  34)	         132.959   2
 etat : 35	(   0,  35)	         133.647   2
 etat : 36	(   0,  36)	          134.32   2
 etat : 37	(   0,  37)	         134.987   2
 etat : 38	(   0,  38)	         135.643   2
 etat : 39	(   0,  39)	         136.304   2
 etat : 40	(   0,  40)	         136.966   2
 etat : 41	(   0,  41)	         137.639   2
 etat : 42	(   0,  42)	         138.323   2
 etat : 43	(   0,  43)	         139.019   2
 etat : 44	(   0,  44)	         139.726   2
 etat : 45	(   0,  45)	          140.44   2
 etat : 46	(   0,  46)	         141.156   2
 etat : 47	(   0,  47)	         141.874   2
 etat : 48	(   0,  48)	         142.583   2
 etat : 49	(   0,  49)	         143.288   2
 etat : 50	(   0,  50)	          143.98   2
 etat : 51	(   0,  51)	          144.67   2
 etat : 52	(   0,  52)	         145.351   2
 etat : 53	(   0,  53)	         146.037   2
 etat : 54	(   0,  54)	         146.725   2
 etat : 55	(   0,  55)	         147.421   2
 etat : 56	(   0,  56)	         148.126   2
 etat : 57	(   0,  57)	         148.839   2
 etat : 58	(   0,  58)	         149.559   2
 etat : 59	(   0,  59)	         150.283   2
 etat : 60	(   0,  60)	         151.006   2
 etat : 61	(   0,  61)	          151.73   2
 etat : 62	(   0,  62)	         152.444   2
 etat : 63	(   0,  63)	         153.156   2
 etat : 64	(   0,  64)	         153.857   2
 etat : 65	(   0,  65)	         154.559   2
 etat : 66	(   0,  66)	         155.255   2
 etat : 67	(   0,  67)	         155.957   2
 etat : 68	(   0,  68)	         156.661   2
 etat : 69	(   0,  69)	         157.372   2
 etat : 70	(   0,  70)	          158.09   2
 etat : 71	(   0,  71)	         158.814   2
 etat : 72	(   0,  72)	         159.541   2
 etat : 73	(   0,  73)	          160.27   2
 etat : 74	(   0,  74)	         160.997   2
 etat : 75	(   0,  75)	         161.723   2
 etat : 76	(   0,  76)	          162.44   2
 etat : 77	(   0,  77)	         163.156   2
 etat : 78	(   0,  78)	         163.865   2
 etat : 79	(   0,  79)	         164.575   2
 etat : 80	(   0,  80)	         165.283   2
 etat : 81	(   0,  81)	         165.996   2
 etat : 82	(   0,  82)	         166.712   2
 etat : 83	(   0,  83)	         167.434   2
 etat : 84	(   0,  84)	          168.16   2
 etat : 85	(   0,  85)	         168.891   2
 etat : 86	(   0,  86)	         169.623   2
 etat : 87	(   0,  87)	         170.355   2
 etat : 88	(   0,  88)	         171.085   2
 etat : 89	(   0,  89)	         171.816   2
 etat : 90	(   0,  90)	         172.545   2
 etat : 91	(   0,  91)	         173.286   2
 etat : 92	(   0,  92)	         174.053   2
 etat : 93	(   0,  93)	         174.896   2
 etat : 94	(   0,  94)	         175.916   2
 etat : 95	(   0,  95)	         177.325   2
 etat : 96	(   0,  96)	         179.537   2
 etat : 97	(   0,  97)	         183.254   2
 etat : 98	(   0,  98)	         189.621   2
 etat : 99	(   0,  99)	         200.458   2
 etat : 100	(   0, 100)	          219.77   2

 etat : 101	(   1,   0)	         116.952   1
 etat : 102	(   1,   1)	          117.06   1
 etat : 103	(   1,   2)	          117.18   1
 etat : 104	(   1,   3)	         117.316   2
 etat : 105	(   1,   4)	         117.458   2
 etat : 106	(   1,   5)	         117.619   2
 etat : 107	(   1,   6)	         117.791   2
 etat : 108	(   1,   7)	         117.976   2
 etat : 109	(   1,   8)	         118.178   2
 etat : 110	(   1,   9)	         118.392   2
 etat : 111	(   1,  10)	         118.621   2
 etat : 112	(   1,  11)	         118.866   2
 etat : 113	(   1,  12)	         119.125   2
 etat : 114	(   1,  13)	         119.403   2
 etat : 115	(   1,  14)	         119.702   2
 etat : 116	(   1,  15)	         120.023   2
 etat : 117	(   1,  16)	         120.369   2
 etat : 118	(   1,  17)	         120.739   2
 etat : 119	(   1,  18)	         121.134   2
 etat : 120	(   1,  19)	         121.554   2
 etat : 121	(   1,  20)	         121.998   2
 etat : 122	(   1,  21)	         122.468   2
 etat : 123	(   1,  22)	         122.961   2
 etat : 124	(   1,  23)	         123.479   2
 etat : 125	(   1,  24)	         124.022   2
 etat : 126	(   1,  25)	         124.587   2
 etat : 127	(   1,  26)	         125.176   2
 etat : 128	(   1,  27)	         125.787   2
 etat : 129	(   1,  28)	         126.419   2
 etat : 130	(   1,  29)	          127.07   2
 etat : 131	(   1,  30)	         127.739   2
 etat : 132	(   1,  31)	         128.422   2
 etat : 133	(   1,  32)	         129.114   2
 etat : 134	(   1,  33)	         129.809   2
 etat : 135	(   1,  34)	         130.503   2
 etat : 136	(   1,  35)	         131.187   2
 etat : 137	(   1,  36)	         131.862   2
 etat : 138	(   1,  37)	          132.52   2
 etat : 139	(   1,  38)	         133.175   2
 etat : 140	(   1,  39)	          133.82   2
 etat : 141	(   1,  40)	         134.473   2
 etat : 142	(   1,  41)	         135.132   2
 etat : 143	(   1,  42)	         135.804   2
 etat : 144	(   1,  43)	         136.488   2
 etat : 145	(   1,  44)	         137.184   2
 etat : 146	(   1,  45)	         137.889   2
 etat : 147	(   1,  46)	           138.6   2
 etat : 148	(   1,  47)	         139.311   2
 etat : 149	(   1,  48)	         140.021   2
 etat : 150	(   1,  49)	         140.719   2
 etat : 151	(   1,  50)	         141.413   2
 etat : 152	(   1,  51)	         142.092   2
 etat : 153	(   1,  52)	          142.77   2
 etat : 154	(   1,  53)	         143.442   2
 etat : 155	(   1,  54)	         144.122   2
 etat : 156	(   1,  55)	         144.805   2
 etat : 157	(   1,  56)	         145.499   2
 etat : 158	(   1,  57)	         146.202   2
 etat : 159	(   1,  58)	         146.913   2
 etat : 160	(   1,  59)	         147.629   2
 etat : 161	(   1,  60)	         148.349   2
 etat : 162	(   1,  61)	         149.065   2
 etat : 163	(   1,  62)	          149.78   2
 etat : 164	(   1,  63)	         150.483   2
 etat : 165	(   1,  64)	         151.185   2
 etat : 166	(   1,  65)	         151.874   2
 etat : 167	(   1,  66)	         152.566   2
 etat : 168	(   1,  67)	         153.255   2
 etat : 169	(   1,  68)	         153.951   2
 etat : 170	(   1,  69)	         154.651   2
 etat : 171	(   1,  70)	         155.359   2
 etat : 172	(   1,  71)	         156.073   2
 etat : 173	(   1,  72)	         156.793   2
 etat : 174	(   1,  73)	         157.516   2
 etat : 175	(   1,  74)	         158.239   2
 etat : 176	(   1,  75)	         158.957   2
 etat : 177	(   1,  76)	         159.674   2
 etat : 178	(   1,  77)	         160.381   2
 etat : 179	(   1,  78)	         161.087   2
 etat : 180	(   1,  79)	         161.786   2
 etat : 181	(   1,  80)	         162.488   2
 etat : 182	(   1,  81)	         163.189   2
 etat : 183	(   1,  82)	         163.897   2
 etat : 184	(   1,  83)	         164.609   2
 etat : 185	(   1,  84)	         165.327   2
 etat : 186	(   1,  85)	         166.049   2
 etat : 187	(   1,  86)	         166.774   2
 etat : 188	(   1,  87)	           167.5   2
 etat : 189	(   1,  88)	         168.226   2
 etat : 190	(   1,  89)	         168.948   2
 etat : 191	(   1,  90)	          169.67   2
 etat : 192	(   1,  91)	         170.392   2
 etat : 193	(   1,  92)	          171.13   2
 etat : 194	(   1,  93)	         171.905   2
 etat : 195	(   1,  94)	         172.781   2
 etat : 196	(   1,  95)	         173.888   2
 etat : 197	(   1,  96)	         175.501   2
 etat : 198	(   1,  97)	         178.145   2
 etat : 199	(   1,  98)	         182.694   2
 etat : 200	(   1,  99)	          190.54   2
 etat : 201	(   1, 100)	         203.882   2

 etat : 202	(   2,   0)	         114.989   1
 etat : 203	(   2,   1)	         115.087   1
 etat : 204	(   2,   2)	         115.194   1
 etat : 205	(   2,   3)	         115.316   1
 etat : 206	(   2,   4)	         115.456   2
 etat : 207	(   2,   5)	         115.602   2
 etat : 208	(   2,   6)	         115.765   2
 etat : 209	(   2,   7)	         115.942   2
 etat : 210	(   2,   8)	         116.131   2
 etat : 211	(   2,   9)	         116.337   2
 etat : 212	(   2,  10)	         116.557   2
 etat : 213	(   2,  11)	         116.789   2
 etat : 214	(   2,  12)	         117.039   2
 etat : 215	(   2,  13)	         117.304   2
 etat : 216	(   2,  14)	          117.59   2
 etat : 217	(   2,  15)	         117.899   2
 etat : 218	(   2,  16)	         118.231   2
 etat : 219	(   2,  17)	         118.589   2
 etat : 220	(   2,  18)	         118.972   2
 etat : 221	(   2,  19)	         119.379   2
 etat : 222	(   2,  20)	         119.811   2
 etat : 223	(   2,  21)	         120.268   2
 etat : 224	(   2,  22)	          120.75   2
 etat : 225	(   2,  23)	         121.255   2
 etat : 226	(   2,  24)	         121.785   2
 etat : 227	(   2,  25)	         122.339   2
 etat : 228	(   2,  26)	         122.916   2
 etat : 229	(   2,  27)	         123.516   2
 etat : 230	(   2,  28)	         124.137   2
 etat : 231	(   2,  29)	         124.779   2
 etat : 232	(   2,  30)	         125.438   2
 etat : 233	(   2,  31)	         126.113   2
 etat : 234	(   2,  32)	         126.799   2
 etat : 235	(   2,  33)	         127.492   2
 etat : 236	(   2,  34)	         128.183   2
 etat : 237	(   2,  35)	         128.868   2
 etat : 238	(   2,  36)	         129.537   2
 etat : 239	(   2,  37)	         130.197   2
 etat : 240	(   2,  38)	         130.838   2
 etat : 241	(   2,  39)	          131.48   2
 etat : 242	(   2,  40)	         132.118   2
 etat : 243	(   2,  41)	         132.768   2
 etat : 244	(   2,  42)	         133.428   2
 etat : 245	(   2,  43)	         134.103   2
 etat : 246	(   2,  44)	         134.791   2
 etat : 247	(   2,  45)	          135.49   2
 etat : 248	(   2,  46)	         136.195   2
 etat : 249	(   2,  47)	         136.904   2
 etat : 250	(   2,  48)	         137.609   2
 etat : 251	(   2,  49)	         138.309   2
 etat : 252	(   2,  50)	         138.994   2
 etat : 253	(   2,  51)	         139.673   2
 etat : 254	(   2,  52)	         140.339   2
 etat : 255	(   2,  53)	         141.006   2
 etat : 256	(   2,  54)	         141.673   2
 etat : 257	(   2,  55)	         142.349   2
 etat : 258	(   2,  56)	         143.033   2
 etat : 259	(   2,  57)	         143.728   2
 etat : 260	(   2,  58)	         144.431   2
 etat : 261	(   2,  59)	         145.142   2
 etat : 262	(   2,  60)	         145.856   2
 etat : 263	(   2,  61)	         146.571   2
 etat : 264	(   2,  62)	         147.279   2
 etat : 265	(   2,  63)	         147.983   2
 etat : 266	(   2,  64)	         148.674   2
 etat : 267	(   2,  65)	         149.363   2
 etat : 268	(   2,  66)	         150.043   2
 etat : 269	(   2,  67)	         150.726   2
 etat : 270	(   2,  68)	         151.411   2
 etat : 271	(   2,  69)	         152.103   2
 etat : 272	(   2,  70)	         152.803   2
 etat : 273	(   2,  71)	          153.51   2
 etat : 274	(   2,  72)	         154.224   2
 etat : 275	(   2,  73)	         154.941   2
 etat : 276	(   2,  74)	         155.659   2
 etat : 277	(   2,  75)	         156.376   2
 etat : 278	(   2,  76)	         157.084   2
 etat : 279	(   2,  77)	         157.791   2
 etat : 280	(   2,  78)	         158.487   2
 etat : 281	(   2,  79)	         159.183   2
 etat : 282	(   2,  80)	         159.874   2
 etat : 283	(   2,  81)	         160.569   2
 etat : 284	(   2,  82)	         161.267   2
 etat : 285	(   2,  83)	         161.971   2
 etat : 286	(   2,  84)	         162.682   2
 etat : 287	(   2,  85)	         163.398   2
 etat : 288	(   2,  86)	         164.117   2
 etat : 289	(   2,  87)	         164.838   2
 etat : 290	(   2,  88)	         165.558   2
 etat : 291	(   2,  89)	         166.276   2
 etat : 292	(   2,  90)	         166.989   2
 etat : 293	(   2,  91)	         167.704   2
 etat : 294	(   2,  92)	         168.422   2
 etat : 295	(   2,  93)	         169.164   2
 etat : 296	(   2,  94)	         169.963   2
 etat : 297	(   2,  95)	         170.909   2
 etat : 298	(   2,  96)	         172.191   2
 etat : 299	(   2,  97)	         174.194   2
 etat : 300	(   2,  98)	         177.645   2
 etat : 301	(   2,  99)	         183.712   2
 etat : 302	(   2, 100)	         194.185   2

 etat : 303	(   3,   0)	         113.044   1
 etat : 304	(   3,   1)	         113.132   1
 etat : 305	(   3,   2)	         113.228   1
 etat : 306	(   3,   3)	         113.334   1
 etat : 307	(   3,   4)	         113.456   1
 etat : 308	(   3,   5)	         113.602   1
 etat : 309	(   3,   6)	         113.757   2
 etat : 310	(   3,   7)	         113.923   2
 etat : 311	(   3,   8)	         114.108   2
 etat : 312	(   3,   9)	         114.306   2
 etat : 313	(   3,  10)	         114.518   2
 etat : 314	(   3,  11)	         114.746   2
 etat : 315	(   3,  12)	         114.985   2
 etat : 316	(   3,  13)	         115.242   2
 etat : 317	(   3,  14)	         115.518   2
 etat : 318	(   3,  15)	         115.817   2
 etat : 319	(   3,  16)	         116.142   2
 etat : 320	(   3,  17)	         116.491   2
 etat : 321	(   3,  18)	         116.865   2
 etat : 322	(   3,  19)	         117.264   2
 etat : 323	(   3,  20)	         117.688   2
 etat : 324	(   3,  21)	         118.137   2
 etat : 325	(   3,  22)	          118.61   2
 etat : 326	(   3,  23)	         119.108   2
 etat : 327	(   3,  24)	          119.63   2
 etat : 328	(   3,  25)	         120.176   2
 etat : 329	(   3,  26)	         120.745   2
 etat : 330	(   3,  27)	         121.337   2
 etat : 331	(   3,  28)	         121.951   2
 etat : 332	(   3,  29)	         122.585   2
 etat : 333	(   3,  30)	         123.239   2
 etat : 334	(   3,  31)	         123.908   2
 etat : 335	(   3,  32)	          124.59   2
 etat : 336	(   3,  33)	          125.28   2
 etat : 337	(   3,  34)	          125.97   2
 etat : 338	(   3,  35)	         126.653   2
 etat : 339	(   3,  36)	         127.324   2
 etat : 340	(   3,  37)	         127.973   2
 etat : 341	(   3,  38)	         128.613   2
 etat : 342	(   3,  39)	         129.238   2
 etat : 343	(   3,  40)	         129.871   2
 etat : 344	(   3,  41)	         130.509   2
 etat : 345	(   3,  42)	         131.163   2
 etat : 346	(   3,  43)	         131.832   2
 etat : 347	(   3,  44)	         132.513   2
 etat : 348	(   3,  45)	         133.207   2
 etat : 349	(   3,  46)	         133.909   2
 etat : 350	(   3,  47)	         134.614   2
 etat : 351	(   3,  48)	         135.319   2
 etat : 352	(   3,  49)	         136.013   2
 etat : 353	(   3,  50)	         136.699   2
 etat : 354	(   3,  51)	         137.366   2
 etat : 355	(   3,  52)	         138.031   2
 etat : 356	(   3,  53)	         138.684   2
 etat : 357	(   3,  54)	         139.345   2
 etat : 358	(   3,  55)	         140.012   2
 etat : 359	(   3,  56)	         140.689   2
 etat : 360	(   3,  57)	         141.378   2
 etat : 361	(   3,  58)	         142.076   2
 etat : 362	(   3,  59)	         142.782   2
 etat : 363	(   3,  60)	         143.493   2
 etat : 364	(   3,  61)	         144.203   2
 etat : 365	(   3,  62)	         144.911   2
 etat : 366	(   3,  63)	         145.607   2
 etat : 367	(   3,  64)	         146.299   2
 etat : 368	(   3,  65)	         146.975   2
 etat : 369	(   3,  66)	         147.653   2
 etat : 370	(   3,  67)	         148.324   2
 etat : 371	(   3,  68)	         149.003   2
 etat : 372	(   3,  69)	         149.688   2
 etat : 373	(   3,  70)	         150.381   2
 etat : 374	(   3,  71)	         151.083   2
 etat : 375	(   3,  72)	         151.792   2
 etat : 376	(   3,  73)	         152.504   2
 etat : 377	(   3,  74)	         153.219   2
 etat : 378	(   3,  75)	          153.93   2
 etat : 379	(   3,  76)	         154.639   2
 etat : 380	(   3,  77)	         155.336   2
 etat : 381	(   3,  78)	         156.031   2
 etat : 382	(   3,  79)	         156.716   2
 etat : 383	(   3,  80)	         157.403   2
 etat : 384	(   3,  81)	         158.088   2
 etat : 385	(   3,  82)	          158.78   2
 etat : 386	(   3,  83)	         159.478   2
 etat : 387	(   3,  84)	         160.182   2
 etat : 388	(   3,  85)	         160.893   2
 etat : 389	(   3,  86)	         161.608   2
 etat : 390	(   3,  87)	         162.324   2
 etat : 391	(   3,  88)	          163.04   2
 etat : 392	(   3,  89)	         163.753   2
 etat : 393	(   3,  90)	         164.463   2
 etat : 394	(   3,  91)	         165.167   2
 etat : 395	(   3,  92)	         165.875   2
 etat : 396	(   3,  93)	         166.594   2
 etat : 397	(   3,  94)	         167.353   2
 etat : 398	(   3,  95)	         168.207   2
 etat : 399	(   3,  96)	         169.292   2
 etat : 400	(   3,  97)	         170.906   2
 etat : 401	(   3,  98)	         173.633   2
 etat : 402	(   3,  99)	         178.545   2
 etat : 403	(   3, 100)	         187.273   2

 etat : 404	(   4,   0)	         111.131   1
 etat : 405	(   4,   1)	         111.209   1
 etat : 406	(   4,   2)	         111.293   1
 etat : 407	(   4,   3)	         111.384   1
 etat : 408	(   4,   4)	         111.487   1
 etat : 409	(   4,   5)	         111.608   1
 etat : 410	(   4,   6)	         111.757   1
 etat : 411	(   4,   7)	         111.923   1
 etat : 412	(   4,   8)	         112.098   2
 etat : 413	(   4,   9)	         112.292   2
 etat : 414	(   4,  10)	         112.502   2
 etat : 415	(   4,  11)	         112.722   2
 etat : 416	(   4,  12)	         112.957   2
 etat : 417	(   4,  13)	         113.205   2
 etat : 418	(   4,  14)	         113.474   2
 etat : 419	(   4,  15)	         113.769   2
 etat : 420	(   4,  16)	         114.088   2
 etat : 421	(   4,  17)	         114.432   2
 etat : 422	(   4,  18)	         114.802   2
 etat : 423	(   4,  19)	         115.196   2
 etat : 424	(   4,  20)	         115.615   2
 etat : 425	(   4,  21)	         116.058   2
 etat : 426	(   4,  22)	         116.527   2
 etat : 427	(   4,  23)	          117.02   2
 etat : 428	(   4,  24)	         117.537   2
 etat : 429	(   4,  25)	         118.078   2
 etat : 430	(   4,  26)	         118.642   2
 etat : 431	(   4,  27)	          119.23   2
 etat : 432	(   4,  28)	         119.839   2
 etat : 433	(   4,  29)	          120.47   2
 etat : 434	(   4,  30)	         121.119   2
 etat : 435	(   4,  31)	         121.785   2
 etat : 436	(   4,  32)	         122.465   2
 etat : 437	(   4,  33)	         123.153   2
 etat : 438	(   4,  34)	         123.843   2
 etat : 439	(   4,  35)	         124.526   2
 etat : 440	(   4,  36)	         125.191   2
 etat : 441	(   4,  37)	          125.84   2
 etat : 442	(   4,  38)	         126.462   2
 etat : 443	(   4,  39)	         127.084   2
 etat : 444	(   4,  40)	         127.702   2
 etat : 445	(   4,  41)	         128.335   2
 etat : 446	(   4,  42)	         128.985   2
 etat : 447	(   4,  43)	         129.649   2
 etat : 448	(   4,  44)	         130.326   2
 etat : 449	(   4,  45)	         131.016   2
 etat : 450	(   4,  46)	         131.715   2
 etat : 451	(   4,  47)	         132.419   2
 etat : 452	(   4,  48)	         133.121   2
 etat : 453	(   4,  49)	         133.816   2
 etat : 454	(   4,  50)	         134.492   2
 etat : 455	(   4,  51)	          135.16   2
 etat : 456	(   4,  52)	         135.808   2
 etat : 457	(   4,  53)	         136.459   2
 etat : 458	(   4,  54)	         137.108   2
 etat : 459	(   4,  55)	          137.77   2
 etat : 460	(   4,  56)	         138.443   2
 etat : 461	(   4,  57)	         139.127   2
 etat : 462	(   4,  58)	         139.821   2
 etat : 463	(   4,  59)	         140.524   2
 etat : 464	(   4,  60)	         141.231   2
 etat : 465	(   4,  61)	          141.94   2
 etat : 466	(   4,  62)	         142.643   2
 etat : 467	(   4,  63)	          143.34   2
 etat : 468	(   4,  64)	          144.02   2
 etat : 469	(   4,  65)	         144.696   2
 etat : 470	(   4,  66)	         145.359   2
 etat : 471	(   4,  67)	         146.027   2
 etat : 472	(   4,  68)	         146.697   2
 etat : 473	(   4,  69)	         147.377   2
 etat : 474	(   4,  70)	         148.066   2
 etat : 475	(   4,  71)	         148.764   2
 etat : 476	(   4,  72)	         149.468   2
 etat : 477	(   4,  73)	         150.178   2
 etat : 478	(   4,  74)	         150.888   2
 etat : 479	(   4,  75)	         151.598   2
 etat : 480	(   4,  76)	           152.3   2
 etat : 481	(   4,  77)	         152.997   2
 etat : 482	(   4,  78)	          153.68   2
 etat : 483	(   4,  79)	         154.363   2
 etat : 484	(   4,  80)	         155.039   2
 etat : 485	(   4,  81)	          155.72   2
 etat : 486	(   4,  82)	         156.405   2
 etat : 487	(   4,  83)	         157.098   2
 etat : 488	(   4,  84)	         157.798   2
 etat : 489	(   4,  85)	         158.505   2
 etat : 490	(   4,  86)	         159.216   2
 etat : 491	(   4,  87)	         159.929   2
 etat : 492	(   4,  88)	         160.641   2
 etat : 493	(   4,  89)	          161.35   2
 etat : 494	(   4,  90)	         162.053   2
 etat : 495	(   4,  91)	         162.753   2
 etat : 496	(   4,  92)	         163.449   2
 etat : 497	(   4,  93)	         164.156   2
 etat : 498	(   4,  94)	         164.887   2
 etat : 499	(   4,  95)	         165.687   2
 etat : 500	(   4,  96)	         166.655   2
 etat : 501	(   4,  97)	         168.014   2
 etat : 502	(   4,  98)	         170.265   2
 etat : 503	(   4,  99)	         174.351   2
 etat : 504	(   4, 100)	         181.912   2

 etat : 505	(   5,   0)	         109.273   1
 etat : 506	(   5,   1)	         109.341   1
 etat : 507	(   5,   2)	         109.413   1
 etat : 508	(   5,   3)	          109.49   1
 etat : 509	(   5,   4)	         109.574   1
 etat : 510	(   5,   5)	         109.669   1
 etat : 511	(   5,   6)	         109.783   1
 etat : 512	(   5,   7)	         109.927   1
 etat : 513	(   5,   8)	         110.098   1
 etat : 514	(   5,   9)	         110.292   1
 etat : 515	(   5,  10)	         110.502   1
 etat : 516	(   5,  11)	         110.722   1
 etat : 517	(   5,  12)	         110.945   2
 etat : 518	(   5,  13)	         111.187   2
 etat : 519	(   5,  14)	         111.455   2
 etat : 520	(   5,  15)	         111.747   2
 etat : 521	(   5,  16)	         112.064   2
 etat : 522	(   5,  17)	         112.406   2
 etat : 523	(   5,  18)	         112.773   2
 etat : 524	(   5,  19)	         113.165   2
 etat : 525	(   5,  20)	         113.581   2
 etat : 526	(   5,  21)	         114.023   2
 etat : 527	(   5,  22)	         114.489   2
 etat : 528	(   5,  23)	          114.98   2
 etat : 529	(   5,  24)	         115.494   2
 etat : 530	(   5,  25)	         116.033   2
 etat : 531	(   5,  26)	         116.596   2
 etat : 532	(   5,  27)	         117.181   2
 etat : 533	(   5,  28)	         117.789   2
 etat : 534	(   5,  29)	         118.417   2
 etat : 535	(   5,  30)	         119.065   2
 etat : 536	(   5,  31)	         119.729   2
 etat : 537	(   5,  32)	         120.408   2
 etat : 538	(   5,  33)	         121.095   2
 etat : 539	(   5,  34)	         121.785   2
 etat : 540	(   5,  35)	         122.468   2
 etat : 541	(   5,  36)	         123.133   2
 etat : 542	(   5,  37)	         123.767   2
 etat : 543	(   5,  38)	         124.386   2
 etat : 544	(   5,  39)	         124.985   2
 etat : 545	(   5,  40)	         125.599   2
 etat : 546	(   5,  41)	          126.23   2
 etat : 547	(   5,  42)	         126.877   2
 etat : 548	(   5,  43)	         127.538   2
 etat : 549	(   5,  44)	         128.213   2
 etat : 550	(   5,  45)	         128.901   2
 etat : 551	(   5,  46)	         129.598   2
 etat : 552	(   5,  47)	         130.301   2
 etat : 553	(   5,  48)	         131.003   2
 etat : 554	(   5,  49)	         131.693   2
 etat : 555	(   5,  50)	          132.37   2
 etat : 556	(   5,  51)	          133.02   2
 etat : 557	(   5,  52)	         133.667   2
 etat : 558	(   5,  53)	         134.301   2
 etat : 559	(   5,  54)	         134.947   2
 etat : 560	(   5,  55)	         135.605   2
 etat : 561	(   5,  56)	         136.275   2
 etat : 562	(   5,  57)	         136.956   2
 etat : 563	(   5,  58)	         137.647   2
 etat : 564	(   5,  59)	         138.348   2
 etat : 565	(   5,  60)	         139.053   2
 etat : 566	(   5,  61)	          139.76   2
 etat : 567	(   5,  62)	         140.463   2
 etat : 568	(   5,  63)	          141.15   2
 etat : 569	(   5,  64)	         141.831   2
 etat : 570	(   5,  65)	         142.491   2
 etat : 571	(   5,  66)	         143.152   2
 etat : 572	(   5,  67)	         143.809   2
 etat : 573	(   5,  68)	         144.475   2
 etat : 574	(   5,  69)	         145.152   2
 etat : 575	(   5,  70)	         145.837   2
 etat : 576	(   5,  71)	         146.531   2
 etat : 577	(   5,  72)	         147.233   2
 etat : 578	(   5,  73)	          147.94   2
 etat : 579	(   5,  74)	         148.649   2
 etat : 580	(   5,  75)	         149.354   2
 etat : 581	(   5,  76)	         150.055   2
 etat : 582	(   5,  77)	         150.742   2
 etat : 583	(   5,  78)	         151.425   2
 etat : 584	(   5,  79)	         152.094   2
 etat : 585	(   5,  80)	         152.767   2
 etat : 586	(   5,  81)	          153.44   2
 etat : 587	(   5,  82)	         154.122   2
 etat : 588	(   5,  83)	         154.811   2
 etat : 589	(   5,  84)	         155.508   2
 etat : 590	(   5,  85)	         156.211   2
 etat : 591	(   5,  86)	         156.919   2
 etat : 592	(   5,  87)	         157.629   2
 etat : 593	(   5,  88)	         158.338   2
 etat : 594	(   5,  89)	         159.043   2
 etat : 595	(   5,  90)	         159.742   2
 etat : 596	(   5,  91)	         160.433   2
 etat : 597	(   5,  92)	         161.124   2
 etat : 598	(   5,  93)	         161.816   2
 etat : 599	(   5,  94)	         162.532   2
 etat : 600	(   5,  95)	         163.299   2
 etat : 601	(   5,  96)	         164.191   2
 etat : 602	(   5,  97)	          165.39   2
 etat : 603	(   5,  98)	         167.299   2
 etat : 604	(   5,  99)	         170.802   2
 etat : 605	(   5, 100)	         177.491   2

 etat : 606	(   6,   0)	         107.623   1
 etat : 607	(   6,   1)	         107.681   1
 etat : 608	(   6,   2)	         107.741   1
 etat : 609	(   6,   3)	         107.803   1
 etat : 610	(   6,   4)	         107.868   1
 etat : 611	(   6,   5)	         107.938   1
 etat : 612	(   6,   6)	         108.017   1
 etat : 613	(   6,   7)	         108.109   1
 etat : 614	(   6,   8)	         108.226   1
 etat : 615	(   6,   9)	         108.368   1
 etat : 616	(   6,  10)	         108.536   1
 etat : 617	(   6,  11)	         108.728   1
 etat : 618	(   6,  12)	         108.945   1
 etat : 619	(   6,  13)	         109.187   1
 etat : 620	(   6,  14)	         109.455   1
 etat : 621	(   6,  15)	         109.747   1
 etat : 622	(   6,  16)	         110.064   1
 etat : 623	(   6,  17)	         110.406   1
 etat : 624	(   6,  18)	         110.773   1
 etat : 625	(   6,  19)	         111.165   1
 etat : 626	(   6,  20)	         111.581   1
 etat : 627	(   6,  21)	         112.023   1
 etat : 628	(   6,  22)	         112.489   1
 etat : 629	(   6,  23)	          112.98   1
 etat : 630	(   6,  24)	         113.494   1
 etat : 631	(   6,  25)	         114.033   1
 etat : 632	(   6,  26)	         114.596   1
 etat : 633	(   6,  27)	         115.181   1
 etat : 634	(   6,  28)	         115.789   1
 etat : 635	(   6,  29)	         116.417   1
 etat : 636	(   6,  30)	         117.065   1
 etat : 637	(   6,  31)	         117.729   1
 etat : 638	(   6,  32)	         118.408   1
 etat : 639	(   6,  33)	         119.095   1
 etat : 640	(   6,  34)	         119.785   1
 etat : 641	(   6,  35)	         120.468   1
 etat : 642	(   6,  36)	         121.133   1
 etat : 643	(   6,  37)	         121.761   2
 etat : 644	(   6,  38)	         122.342   2
 etat : 645	(   6,  39)	         122.939   2
 etat : 646	(   6,  40)	         123.553   2
 etat : 647	(   6,  41)	         124.182   2
 etat : 648	(   6,  42)	         124.827   2
 etat : 649	(   6,  43)	         125.487   2
 etat : 650	(   6,  44)	         126.161   2
 etat : 651	(   6,  45)	         126.848   2
 etat : 652	(   6,  46)	         127.544   2
 etat : 653	(   6,  47)	         128.247   2
 etat : 654	(   6,  48)	         128.948   2
 etat : 655	(   6,  49)	         129.639   2
 etat : 656	(   6,  50)	         130.302   2
 etat : 657	(   6,  51)	         130.952   2
 etat : 658	(   6,  52)	         131.573   2
 etat : 659	(   6,  53)	         132.205   2
 etat : 660	(   6,  54)	         132.848   2
 etat : 661	(   6,  55)	         133.504   2
 etat : 662	(   6,  56)	         134.172   2
 etat : 663	(   6,  57)	         134.851   2
 etat : 664	(   6,  58)	         135.541   2
 etat : 665	(   6,  59)	          136.24   2
 etat : 666	(   6,  60)	         136.945   2
 etat : 667	(   6,  61)	         137.651   2
 etat : 668	(   6,  62)	         138.349   2
 etat : 669	(   6,  63)	         139.037   2
 etat : 670	(   6,  64)	         139.701   2
 etat : 671	(   6,  65)	          140.36   2
 etat : 672	(   6,  66)	         141.005   2
 etat : 673	(   6,  67)	         141.659   2
 etat : 674	(   6,  68)	         142.323   2
 etat : 675	(   6,  69)	         142.997   2
 etat : 676	(   6,  70)	          143.68   2
 etat : 677	(   6,  71)	         144.372   2
 etat : 678	(   6,  72)	         145.072   2
 etat : 679	(   6,  73)	         145.777   2
 etat : 680	(   6,  74)	         146.484   2
 etat : 681	(   6,  75)	         147.188   2
 etat : 682	(   6,  76)	         147.881   2
 etat : 683	(   6,  77)	         148.567   2
 etat : 684	(   6,  78)	         149.235   2
 etat : 685	(   6,  79)	         149.903   2
 etat : 686	(   6,  80)	         150.565   2
 etat : 687	(   6,  81)	         151.235   2
 etat : 688	(   6,  82)	         151.914   2
 etat : 689	(   6,  83)	         152.601   2
 etat : 690	(   6,  84)	         153.295   2
 etat : 691	(   6,  85)	         153.996   2
 etat : 692	(   6,  86)	         154.701   2
 etat : 693	(   6,  87)	         155.409   2
 etat : 694	(   6,  88)	         156.115   2
 etat : 695	(   6,  89)	         156.817   2
 etat : 696	(   6,  90)	         157.509   2
 etat : 697	(   6,  91)	         158.196   2
 etat : 698	(   6,  92)	         158.874   2
 etat : 699	(   6,  93)	         159.561   2
 etat : 700	(   6,  94)	         160.263   2
 etat : 701	(   6,  95)	          161.01   2
 etat : 702	(   6,  96)	         161.857   2
 etat : 703	(   6,  97)	         162.944   2
 etat : 704	(   6,  98)	         164.624   2
 etat : 705	(   6,  99)	         167.675   2
 etat : 706	(   6, 100)	          173.72   2

 etat : 707	(   7,   0)	         109.623   0
 etat : 708	(   7,   1)	         109.681   0
 etat : 709	(   7,   2)	         109.741   0
 etat : 710	(   7,   3)	         109.803   0
 etat : 711	(   7,   4)	         109.868   0
 etat : 712	(   7,   5)	         109.938   0
 etat : 713	(   7,   6)	         110.009   1
 etat : 714	(   7,   7)	         110.083   1
 etat : 715	(   7,   8)	         110.164   1
 etat : 716	(   7,   9)	         110.261   1
 etat : 717	(   7,  10)	         110.376   1
 etat : 718	(   7,  11)	         110.507   1
 etat : 719	(   7,  12)	         110.654   1
 etat : 720	(   7,  13)	         110.819   1
 etat : 721	(   7,  14)	         110.999   1
 etat : 722	(   7,  15)	         111.197   1
 etat : 723	(   7,  16)	         111.411   1
 etat : 724	(   7,  17)	         111.642   1
 etat : 725	(   7,  18)	          111.89   1
 etat : 726	(   7,  19)	         112.154   1
 etat : 727	(   7,  20)	         112.435   1
 etat : 728	(   7,  21)	         112.733   1
 etat : 729	(   7,  22)	         113.047   1
 etat : 730	(   7,  23)	         113.378   1
 etat : 731	(   7,  24)	         113.726   1
 etat : 732	(   7,  25)	          114.09   1
 etat : 733	(   7,  26)	         114.471   1
 etat : 734	(   7,  27)	         114.869   1
 etat : 735	(   7,  28)	         115.283   1
 etat : 736	(   7,  29)	         115.714   1
 etat : 737	(   7,  30)	         116.162   1
 etat : 738	(   7,  31)	         116.626   1
 etat : 739	(   7,  32)	         117.107   1
 etat : 740	(   7,  33)	         117.604   1
 etat : 741	(   7,  34)	         118.119   1
 etat : 742	(   7,  35)	          118.65   1
 etat : 743	(   7,  36)	         119.197   1
 etat : 744	(   7,  37)	         119.761   1
 etat : 745	(   7,  38)	         120.342   1
 etat : 746	(   7,  39)	         120.939   1
 etat : 747	(   7,  40)	         121.553   1
 etat : 748	(   7,  41)	         122.182   1
 etat : 749	(   7,  42)	         122.827   1
 etat : 750	(   7,  43)	         123.487   1
 etat : 751	(   7,  44)	         124.161   1
 etat : 752	(   7,  45)	         124.848   1
 etat : 753	(   7,  46)	         125.544   1
 etat : 754	(   7,  47)	         126.247   1
 etat : 755	(   7,  48)	         126.948   1
 etat : 756	(   7,  49)	         127.639   1
 etat : 757	(   7,  50)	         128.302   1
 etat : 758	(   7,  51)	         128.912   2
 etat : 759	(   7,  52)	          129.53   2
 etat : 760	(   7,  53)	          130.16   2
 etat : 761	(   7,  54)	         130.803   2
 etat : 762	(   7,  55)	         131.458   2
 etat : 763	(   7,  56)	         132.125   2
 etat : 764	(   7,  57)	         132.803   2
 etat : 765	(   7,  58)	         133.492   2
 etat : 766	(   7,  59)	          134.19   2
 etat : 767	(   7,  60)	         134.894   2
 etat : 768	(   7,  61)	           135.6   2
 etat : 769	(   7,  62)	         136.299   2
 etat : 770	(   7,  63)	         136.974   2
 etat : 771	(   7,  64)	         137.637   2
 etat : 772	(   7,  65)	         138.271   2
 etat : 773	(   7,  66)	         138.914   2
 etat : 774	(   7,  67)	         139.566   2
 etat : 775	(   7,  68)	         140.229   2
 etat : 776	(   7,  69)	         140.901   2
 etat : 777	(   7,  70)	         141.583   2
 etat : 778	(   7,  71)	         142.274   2
 etat : 779	(   7,  72)	         142.972   2
 etat : 780	(   7,  73)	         143.677   2
 etat : 781	(   7,  74)	         144.383   2
 etat : 782	(   7,  75)	         145.083   2
 etat : 783	(   7,  76)	         145.776   2
 etat : 784	(   7,  77)	         146.446   2
 etat : 785	(   7,  78)	         147.113   2
 etat : 786	(   7,  79)	         147.765   2
 etat : 787	(   7,  80)	         148.425   2
 etat : 788	(   7,  81)	         149.093   2
 etat : 789	(   7,  82)	          149.77   2
 etat : 790	(   7,  83)	         150.455   2
 etat : 791	(   7,  84)	         151.147   2
 etat : 792	(   7,  85)	         151.847   2
 etat : 793	(   7,  86)	         152.551   2
 etat : 794	(   7,  87)	         153.257   2
 etat : 795	(   7,  88)	         153.961   2
 etat : 796	(   7,  89)	         154.657   2
 etat : 797	(   7,  90)	         155.345   2
 etat : 798	(   7,  91)	          156.02   2
 etat : 799	(   7,  92)	         156.694   2
 etat : 800	(   7,  93)	          157.37   2
 etat : 801	(   7,  94)	         158.066   2
 etat : 802	(   7,  95)	           158.8   2
 etat : 803	(   7,  96)	         159.617   2
 etat : 804	(   7,  97)	         160.635   2
 etat : 805	(   7,  98)	         162.143   2
 etat : 806	(   7,  99)	         164.875   2
 etat : 807	(   7, 100)	         170.383   2

 etat : 808	(   8,   0)	         111.633   0
 etat : 809	(   8,   1)	         111.689   0
 etat : 810	(   8,   2)	         111.748   0
 etat : 811	(   8,   3)	         111.809   0
 etat : 812	(   8,   4)	         111.874   0
 etat : 813	(   8,   5)	          111.94   0
 etat : 814	(   8,   6)	         112.009   0
 etat : 815	(   8,   7)	         112.083   0
 etat : 816	(   8,   8)	         112.159   1
 etat : 817	(   8,   9)	          112.24   1
 etat : 818	(   8,  10)	         112.333   1
 etat : 819	(   8,  11)	         112.438   1
 etat : 820	(   8,  12)	         112.556   1
 etat : 821	(   8,  13)	         112.687   1
 etat : 822	(   8,  14)	          112.83   1
 etat : 823	(   8,  15)	         112.985   1
 etat : 824	(   8,  16)	         113.153   1
 etat : 825	(   8,  17)	         113.334   1
 etat : 826	(   8,  18)	         113.527   1
 etat : 827	(   8,  19)	         113.732   1
 etat : 828	(   8,  20)	          113.95   1
 etat : 829	(   8,  21)	         114.181   1
 etat : 830	(   8,  22)	         114.424   1
 etat : 831	(   8,  23)	         114.679   1
 etat : 832	(   8,  24)	         114.947   1
 etat : 833	(   8,  25)	         115.228   1
 etat : 834	(   8,  26)	         115.521   1
 etat : 835	(   8,  27)	         115.827   1
 etat : 836	(   8,  28)	         116.145   1
 etat : 837	(   8,  29)	         116.475   1
 etat : 838	(   8,  30)	         116.818   1
 etat : 839	(   8,  31)	         117.174   1
 etat : 840	(   8,  32)	         117.542   1
 etat : 841	(   8,  33)	         117.922   1
 etat : 842	(   8,  34)	         118.315   1
 etat : 843	(   8,  35)	         118.721   1
 etat : 844	(   8,  36)	         119.139   1
 etat : 845	(   8,  37)	          119.57   1
 etat : 846	(   8,  38)	         120.013   1
 etat : 847	(   8,  39)	         120.469   1
 etat : 848	(   8,  40)	         120.937   1
 etat : 849	(   8,  41)	         121.417   1
 etat : 850	(   8,  42)	         121.911   1
 etat : 851	(   8,  43)	         122.416   1
 etat : 852	(   8,  44)	         122.934   1
 etat : 853	(   8,  45)	         123.465   1
 etat : 854	(   8,  46)	         124.008   1
 etat : 855	(   8,  47)	         124.564   1
 etat : 856	(   8,  48)	         125.132   1
 etat : 857	(   8,  49)	         125.713   1
 etat : 858	(   8,  50)	         126.306   1
 etat : 859	(   8,  51)	         126.912   1
 etat : 860	(   8,  52)	          127.53   1
 etat : 861	(   8,  53)	          128.16   1
 etat : 862	(   8,  54)	         128.803   1
 etat : 863	(   8,  55)	         129.458   1
 etat : 864	(   8,  56)	         130.125   1
 etat : 865	(   8,  57)	         130.803   1
 etat : 866	(   8,  58)	         131.492   1
 etat : 867	(   8,  59)	          132.19   1
 etat : 868	(   8,  60)	         132.894   1
 etat : 869	(   8,  61)	           133.6   1
 etat : 870	(   8,  62)	         134.299   1
 etat : 871	(   8,  63)	         134.974   1
 etat : 872	(   8,  64)	         135.598   2
 etat : 873	(   8,  65)	          136.23   2
 etat : 874	(   8,  66)	         136.872   2
 etat : 875	(   8,  67)	         137.523   2
 etat : 876	(   8,  68)	         138.185   2
 etat : 877	(   8,  69)	         138.857   2
 etat : 878	(   8,  70)	         139.538   2
 etat : 879	(   8,  71)	         140.228   2
 etat : 880	(   8,  72)	         140.926   2
 etat : 881	(   8,  73)	          141.63   2
 etat : 882	(   8,  74)	         142.336   2
 etat : 883	(   8,  75)	         143.036   2
 etat : 884	(   8,  76)	         143.717   2
 etat : 885	(   8,  77)	         144.386   2
 etat : 886	(   8,  78)	         145.028   2
 etat : 887	(   8,  79)	         145.679   2
 etat : 888	(   8,  80)	         146.338   2
 etat : 889	(   8,  81)	         147.006   2
 etat : 890	(   8,  82)	         147.681   2
 etat : 891	(   8,  83)	         148.365   2
 etat : 892	(   8,  84)	         149.056   2
 etat : 893	(   8,  85)	         149.754   2
 etat : 894	(   8,  86)	         150.458   2
 etat : 895	(   8,  87)	         151.163   2
 etat : 896	(   8,  88)	         151.864   2
 etat : 897	(   8,  89)	         152.556   2
 etat : 898	(   8,  90)	         153.233   2
 etat : 899	(   8,  91)	         153.903   2
 etat : 900	(   8,  92)	         154.564   2
 etat : 901	(   8,  93)	         155.237   2
 etat : 902	(   8,  94)	         155.929   2
 etat : 903	(   8,  95)	         156.656   2
 etat : 904	(   8,  96)	         157.456   2
 etat : 905	(   8,  97)	         158.426   2
 etat : 906	(   8,  98)	         159.827   2
 etat : 907	(   8,  99)	         162.293   2
 etat : 908	(   8, 100)	          167.41   2

 etat : 909	(   9,   0)	         113.651   0
 etat : 910	(   9,   1)	         113.705   0
 etat : 911	(   9,   2)	         113.762   0
 etat : 912	(   9,   3)	         113.821   0
 etat : 913	(   9,   4)	         113.883   0
 etat : 914	(   9,   5)	         113.947   0
 etat : 915	(   9,   6)	         114.015   0
 etat : 916	(   9,   7)	         114.085   0
 etat : 917	(   9,   8)	         114.159   0
 etat : 918	(   9,   9)	         114.239   1
 etat : 919	(   9,  10)	         114.321   1
 etat : 920	(   9,  11)	         114.413   1
 etat : 921	(   9,  12)	         114.515   1
 etat : 922	(   9,  13)	         114.627   1
 etat : 923	(   9,  14)	         114.749   1
 etat : 924	(   9,  15)	         114.881   1
 etat : 925	(   9,  16)	         115.023   1
 etat : 926	(   9,  17)	         115.174   1
 etat : 927	(   9,  18)	         115.336   1
 etat : 928	(   9,  19)	         115.508   1
 etat : 929	(   9,  20)	          115.69   1
 etat : 930	(   9,  21)	         115.882   1
 etat : 931	(   9,  22)	         116.084   1
 etat : 932	(   9,  23)	         116.296   1
 etat : 933	(   9,  24)	         116.518   1
 etat : 934	(   9,  25)	          116.75   1
 etat : 935	(   9,  26)	         116.992   1
 etat : 936	(   9,  27)	         117.243   1
 etat : 937	(   9,  28)	         117.505   1
 etat : 938	(   9,  29)	         117.777   1
 etat : 939	(   9,  30)	         118.059   1
 etat : 940	(   9,  31)	         118.351   1
 etat : 941	(   9,  32)	         118.653   1
 etat : 942	(   9,  33)	         118.965   1
 etat : 943	(   9,  34)	         119.287   1
 etat : 944	(   9,  35)	         119.619   1
 etat : 945	(   9,  36)	         119.961   1
 etat : 946	(   9,  37)	         120.313   1
 etat : 947	(   9,  38)	         120.675   1
 etat : 948	(   9,  39)	         121.047   1
 etat : 949	(   9,  40)	         121.429   1
 etat : 950	(   9,  41)	         121.821   1
 etat : 951	(   9,  42)	         122.223   1
 etat : 952	(   9,  43)	         122.634   1
 etat : 953	(   9,  44)	         123.056   1
 etat : 954	(   9,  45)	         123.489   1
 etat : 955	(   9,  46)	         123.931   1
 etat : 956	(   9,  47)	         124.383   1
 etat : 957	(   9,  48)	         124.845   1
 etat : 958	(   9,  49)	         125.317   1
 etat : 959	(   9,  50)	         125.799   1
 etat : 960	(   9,  51)	         126.291   1
 etat : 961	(   9,  52)	         126.793   1
 etat : 962	(   9,  53)	         127.305   1
 etat : 963	(   9,  54)	         127.827   1
 etat : 964	(   9,  55)	         128.359   1
 etat : 965	(   9,  56)	         128.901   1
 etat : 966	(   9,  57)	         129.453   1
 etat : 967	(   9,  58)	         130.015   1
 etat : 968	(   9,  59)	         130.587   1
 etat : 969	(   9,  60)	         131.169   1
 etat : 970	(   9,  61)	         131.761   1
 etat : 971	(   9,  62)	         132.363   1
 etat : 972	(   9,  63)	         132.976   1
 etat : 973	(   9,  64)	         133.598   1
 etat : 974	(   9,  65)	          134.23   1
 etat : 975	(   9,  66)	         134.872   1
 etat : 976	(   9,  67)	         135.523   1
 etat : 977	(   9,  68)	         136.185   1
 etat : 978	(   9,  69)	         136.857   1
 etat : 979	(   9,  70)	         137.538   1
 etat : 980	(   9,  71)	         138.228   1
 etat : 981	(   9,  72)	         138.926   1
 etat : 982	(   9,  73)	          139.63   1
 etat : 983	(   9,  74)	         140.336   1
 etat : 984	(   9,  75)	         141.036   1
 etat : 985	(   9,  76)	         141.713   2
 etat : 986	(   9,  77)	         142.347   2
 etat : 987	(   9,  78)	         142.989   2
 etat : 988	(   9,  79)	         143.639   2
 etat : 989	(   9,  80)	         144.298   2
 etat : 990	(   9,  81)	         144.964   2
 etat : 991	(   9,  82)	         145.639   2
 etat : 992	(   9,  83)	         146.323   2
 etat : 993	(   9,  84)	         147.013   2
 etat : 994	(   9,  85)	         147.711   2
 etat : 995	(   9,  86)	         148.414   2
 etat : 996	(   9,  87)	         149.119   2
 etat : 997	(   9,  88)	         149.817   2
 etat : 998	(   9,  89)	         150.501   2
 etat : 999	(   9,  90)	         151.172   2
 etat : 1000	(   9,  91)	         151.823   2
 etat : 1001	(   9,  92)	         152.483   2
 etat : 1002	(   9,  93)	         153.155   2
 etat : 1003	(   9,  94)	         153.844   2
 etat : 1004	(   9,  95)	         154.566   2
 etat : 1005	(   9,  96)	         155.357   2
 etat : 1006	(   9,  97)	         156.302   2
 etat : 1007	(   9,  98)	         157.621   2
 etat : 1008	(   9,  99)	         159.924   2
 etat : 1009	(   9, 100)	         164.675   2

 etat : 1010	(  10,   0)	         115.677   0
 etat : 1011	(  10,   1)	         115.728   0
 etat : 1012	(  10,   2)	         115.782   0
 etat : 1013	(  10,   3)	         115.838   0
 etat : 1014	(  10,   4)	         115.898   0
 etat : 1015	(  10,   5)	          115.96   0
 etat : 1016	(  10,   6)	         116.025   0
 etat : 1017	(  10,   7)	         116.092   0
 etat : 1018	(  10,   8)	         116.164   0
 etat : 1019	(  10,   9)	         116.239   0
 etat : 1020	(  10,  10)	         116.321   0
 etat : 1021	(  10,  11)	         116.405   1
 etat : 1022	(  10,  12)	         116.497   1
 etat : 1023	(  10,  13)	         116.597   1
 etat : 1024	(  10,  14)	         116.705   1
 etat : 1025	(  10,  15)	         116.822   1
 etat : 1026	(  10,  16)	         116.947   1
 etat : 1027	(  10,  17)	         117.081   1
 etat : 1028	(  10,  18)	         117.223   1
 etat : 1029	(  10,  19)	         117.373   1
 etat : 1030	(  10,  20)	         117.531   1
 etat : 1031	(  10,  21)	         117.698   1
 etat : 1032	(  10,  22)	         117.873   1
 etat : 1033	(  10,  23)	         118.057   1
 etat : 1034	(  10,  24)	         118.249   1
 etat : 1035	(  10,  25)	         118.449   1
 etat : 1036	(  10,  26)	         118.658   1
 etat : 1037	(  10,  27)	         118.874   1
 etat : 1038	(  10,  28)	           119.1   1
 etat : 1039	(  10,  29)	         119.333   1
 etat : 1040	(  10,  30)	         119.575   1
 etat : 1041	(  10,  31)	         119.825   1
 etat : 1042	(  10,  32)	         120.084   1
 etat : 1043	(  10,  33)	         120.351   1
 etat : 1044	(  10,  34)	         120.626   1
 etat : 1045	(  10,  35)	         120.909   1
 etat : 1046	(  10,  36)	         121.201   1
 etat : 1047	(  10,  37)	         121.501   1
 etat : 1048	(  10,  38)	          121.81   1
 etat : 1049	(  10,  39)	         122.127   1
 etat : 1050	(  10,  40)	         122.452   1
 etat : 1051	(  10,  41)	         122.786   1
 etat : 1052	(  10,  42)	         123.127   1
 etat : 1053	(  10,  43)	         123.478   1
 etat : 1054	(  10,  44)	         123.836   1
 etat : 1055	(  10,  45)	         124.203   1
 etat : 1056	(  10,  46)	         124.578   1
 etat : 1057	(  10,  47)	         124.962   1
 etat : 1058	(  10,  48)	         125.354   1
 etat : 1059	(  10,  49)	         125.754   1
 etat : 1060	(  10,  50)	         126.163   1
 etat : 1061	(  10,  51)	          126.58   1
 etat : 1062	(  10,  52)	         127.005   1
 etat : 1063	(  10,  53)	         127.439   1
 etat : 1064	(  10,  54)	         127.881   1
 etat : 1065	(  10,  55)	         128.331   1
 etat : 1066	(  10,  56)	          128.79   1
 etat : 1067	(  10,  57)	         129.257   1
 etat : 1068	(  10,  58)	         129.732   1
 etat : 1069	(  10,  59)	         130.216   1
 etat : 1070	(  10,  60)	         130.708   1
 etat : 1071	(  10,  61)	         131.208   1
 etat : 1072	(  10,  62)	         131.717   1
 etat : 1073	(  10,  63)	         132.234   1
 etat : 1074	(  10,  64)	         132.759   1
 etat : 1075	(  10,  65)	         133.293   1
 etat : 1076	(  10,  66)	         133.835   1
 etat : 1077	(  10,  67)	         134.385   1
 etat : 1078	(  10,  68)	         134.944   1
 etat : 1079	(  10,  69)	         135.511   1
 etat : 1080	(  10,  70)	         136.086   1
 etat : 1081	(  10,  71)	          136.67   1
 etat : 1082	(  10,  72)	         137.262   1
 etat : 1083	(  10,  73)	         137.862   1
 etat : 1084	(  10,  74)	         138.471   1
 etat : 1085	(  10,  75)	         139.088   1
 etat : 1086	(  10,  76)	         139.713   1
 etat : 1087	(  10,  77)	         140.347   1
 etat : 1088	(  10,  78)	         140.989   1
 etat : 1089	(  10,  79)	         141.639   1
 etat : 1090	(  10,  80)	         142.298   1
 etat : 1091	(  10,  81)	         142.964   1
 etat : 1092	(  10,  82)	         143.639   1
 etat : 1093	(  10,  83)	         144.323   1
 etat : 1094	(  10,  84)	         145.013   1
 etat : 1095	(  10,  85)	         145.711   1
 etat : 1096	(  10,  86)	         146.414   1
 etat : 1097	(  10,  87)	         147.119   1
 etat : 1098	(  10,  88)	         147.817   1
 etat : 1099	(  10,  89)	         148.492   2
 etat : 1100	(  10,  90)	         149.135   2
 etat : 1101	(  10,  91)	         149.785   2
 etat : 1102	(  10,  92)	         150.445   2
 etat : 1103	(  10,  93)	         151.116   2
 etat : 1104	(  10,  94)	         151.804   2
 etat : 1105	(  10,  95)	         152.525   2
 etat : 1106	(  10,  96)	         153.311   2
 etat : 1107	(  10,  97)	         154.247   2
 etat : 1108	(  10,  98)	          155.53   2
 etat : 1109	(  10,  99)	         157.683   2
 etat : 1110	(  10, 100)	         162.218   2

 etat : 1111	(  11,   0)	          117.71   0
 etat : 1112	(  11,   1)	         117.758   0
 etat : 1113	(  11,   2)	         117.808   0
 etat : 1114	(  11,   3)	         117.862   0
 etat : 1115	(  11,   4)	         117.918   0
 etat : 1116	(  11,   5)	         117.977   0
 etat : 1117	(  11,   6)	         118.039   0
 etat : 1118	(  11,   7)	         118.104   0
 etat : 1119	(  11,   8)	         118.173   0
 etat : 1120	(  11,   9)	         118.246   0
 etat : 1121	(  11,  10)	         118.322   0
 etat : 1122	(  11,  11)	         118.405   0
 etat : 1123	(  11,  12)	          118.49   1
 etat : 1124	(  11,  13)	         118.582   1
 etat : 1125	(  11,  14)	         118.681   1
 etat : 1126	(  11,  15)	         118.788   1
 etat : 1127	(  11,  16)	         118.901   1
 etat : 1128	(  11,  17)	         119.022   1
 etat : 1129	(  11,  18)	          119.15   1
 etat : 1130	(  11,  19)	         119.285   1
 etat : 1131	(  11,  20)	         119.427   1
 etat : 1132	(  11,  21)	         119.576   1
 etat : 1133	(  11,  22)	         119.733   1
 etat : 1134	(  11,  23)	         119.896   1
 etat : 1135	(  11,  24)	         120.067   1
 etat : 1136	(  11,  25)	         120.245   1
 etat : 1137	(  11,  26)	          120.43   1
 etat : 1138	(  11,  27)	         120.622   1
 etat : 1139	(  11,  28)	         120.822   1
 etat : 1140	(  11,  29)	         121.028   1
 etat : 1141	(  11,  30)	         121.242   1
 etat : 1142	(  11,  31)	         121.462   1
 etat : 1143	(  11,  32)	          121.69   1
 etat : 1144	(  11,  33)	         121.925   1
 etat : 1145	(  11,  34)	         122.168   1
 etat : 1146	(  11,  35)	         122.417   1
 etat : 1147	(  11,  36)	         122.673   1
 etat : 1148	(  11,  37)	         122.937   1
 etat : 1149	(  11,  38)	         123.208   1
 etat : 1150	(  11,  39)	         123.486   1
 etat : 1151	(  11,  40)	         123.771   1
 etat : 1152	(  11,  41)	         124.063   1
 etat : 1153	(  11,  42)	         124.362   1
 etat : 1154	(  11,  43)	         124.669   1
 etat : 1155	(  11,  44)	         124.982   1
 etat : 1156	(  11,  45)	         125.303   1
 etat : 1157	(  11,  46)	         125.631   1
 etat : 1158	(  11,  47)	         125.966   1
 etat : 1159	(  11,  48)	         126.308   1
 etat : 1160	(  11,  49)	         126.657   1
 etat : 1161	(  11,  50)	         127.014   1
 etat : 1162	(  11,  51)	         127.378   1
 etat : 1163	(  11,  52)	         127.748   1
 etat : 1164	(  11,  53)	         128.126   1
 etat : 1165	(  11,  54)	         128.511   1
 etat : 1166	(  11,  55)	         128.904   1
 etat : 1167	(  11,  56)	         129.303   1
 etat : 1168	(  11,  57)	         129.709   1
 etat : 1169	(  11,  58)	         130.123   1
 etat : 1170	(  11,  59)	         130.544   1
 etat : 1171	(  11,  60)	         130.972   1
 etat : 1172	(  11,  61)	         131.407   1
 etat : 1173	(  11,  62)	         131.849   1
 etat : 1174	(  11,  63)	         132.299   1
 etat : 1175	(  11,  64)	         132.755   1
 etat : 1176	(  11,  65)	         133.219   1
 etat : 1177	(  11,  66)	          133.69   1
 etat : 1178	(  11,  67)	         134.168   1
 etat : 1179	(  11,  68)	         134.653   1
 etat : 1180	(  11,  69)	         135.145   1
 etat : 1181	(  11,  70)	         135.645   1
 etat : 1182	(  11,  71)	         136.151   1
 etat : 1183	(  11,  72)	         136.665   1
 etat : 1184	(  11,  73)	         137.186   1
 etat : 1185	(  11,  74)	         137.714   1
 etat : 1186	(  11,  75)	         138.249   1
 etat : 1187	(  11,  76)	         138.792   1
 etat : 1188	(  11,  77)	         139.341   1
 etat : 1189	(  11,  78)	         139.898   1
 etat : 1190	(  11,  79)	         140.461   1
 etat : 1191	(  11,  80)	         141.032   1
 etat : 1192	(  11,  81)	          141.61   1
 etat : 1193	(  11,  82)	         142.195   1
 etat : 1194	(  11,  83)	         142.788   1
 etat : 1195	(  11,  84)	         143.387   1
 etat : 1196	(  11,  85)	         143.994   1
 etat : 1197	(  11,  86)	         144.607   1
 etat : 1198	(  11,  87)	         145.228   1
 etat : 1199	(  11,  88)	         145.856   1
 etat : 1200	(  11,  89)	         146.492   1
 etat : 1201	(  11,  90)	         147.135   1
 etat : 1202	(  11,  91)	         147.785   1
 etat : 1203	(  11,  92)	         148.445   1
 etat : 1204	(  11,  93)	         149.116   1
 etat : 1205	(  11,  94)	         149.804   1
 etat : 1206	(  11,  95)	         150.525   1
 etat : 1207	(  11,  96)	         151.311   1
 etat : 1208	(  11,  97)	         152.247   1
 etat : 1209	(  11,  98)	          153.53   1
 etat : 1210	(  11,  99)	         155.638   2
 etat : 1211	(  11, 100)	          159.87   2

 etat : 1212	(  12,   0)	          119.75   0
 etat : 1213	(  12,   1)	         119.794   0
 etat : 1214	(  12,   2)	         119.841   0
 etat : 1215	(  12,   3)	         119.891   0
 etat : 1216	(  12,   4)	         119.944   0
 etat : 1217	(  12,   5)	         119.999   0
 etat : 1218	(  12,   6)	         120.059   0
 etat : 1219	(  12,   7)	         120.121   0
 etat : 1220	(  12,   8)	         120.187   0
 etat : 1221	(  12,   9)	         120.255   0
 etat : 1222	(  12,  10)	          120.33   0
 etat : 1223	(  12,  11)	         120.406   0
 etat : 1224	(  12,  12)	          120.49   0
 etat : 1225	(  12,  13)	         120.576   1
 etat : 1226	(  12,  14)	         120.669   1
 etat : 1227	(  12,  15)	         120.767   1
 etat : 1228	(  12,  16)	         120.873   1
 etat : 1229	(  12,  17)	         120.984   1
 etat : 1230	(  12,  18)	         121.102   1
 etat : 1231	(  12,  19)	         121.225   1
 etat : 1232	(  12,  20)	         121.355   1
 etat : 1233	(  12,  21)	         121.492   1
 etat : 1234	(  12,  22)	         121.634   1
 etat : 1235	(  12,  23)	         121.783   1
 etat : 1236	(  12,  24)	         121.938   1
 etat : 1237	(  12,  25)	           122.1   1
 etat : 1238	(  12,  26)	         122.267   1
 etat : 1239	(  12,  27)	         122.441   1
 etat : 1240	(  12,  28)	         122.621   1
 etat : 1241	(  12,  29)	         122.808   1
 etat : 1242	(  12,  30)	             123   1
 etat : 1243	(  12,  31)	         123.199   1
 etat : 1244	(  12,  32)	         123.404   1
 etat : 1245	(  12,  33)	         123.615   1
 etat : 1246	(  12,  34)	         123.833   1
 etat : 1247	(  12,  35)	         124.057   1
 etat : 1248	(  12,  36)	         124.287   1
 etat : 1249	(  12,  37)	         124.523   1
 etat : 1250	(  12,  38)	         124.766   1
 etat : 1251	(  12,  39)	         125.015   1
 etat : 1252	(  12,  40)	          125.27   1
 etat : 1253	(  12,  41)	         125.531   1
 etat : 1254	(  12,  42)	         125.799   1
 etat : 1255	(  12,  43)	         126.073   1
 etat : 1256	(  12,  44)	         126.353   1
 etat : 1257	(  12,  45)	         126.639   1
 etat : 1258	(  12,  46)	         126.932   1
 etat : 1259	(  12,  47)	          127.23   1
 etat : 1260	(  12,  48)	         127.536   1
 etat : 1261	(  12,  49)	         127.847   1
 etat : 1262	(  12,  50)	         128.165   1
 etat : 1263	(  12,  51)	         128.488   1
 etat : 1264	(  12,  52)	         128.818   1
 etat : 1265	(  12,  53)	         129.155   1
 etat : 1266	(  12,  54)	         129.497   1
 etat : 1267	(  12,  55)	         129.846   1
 etat : 1268	(  12,  56)	         130.201   1
 etat : 1269	(  12,  57)	         130.563   1
 etat : 1270	(  12,  58)	          130.93   1
 etat : 1271	(  12,  59)	         131.304   1
 etat : 1272	(  12,  60)	         131.684   1
 etat : 1273	(  12,  61)	         132.071   1
 etat : 1274	(  12,  62)	         132.463   1
 etat : 1275	(  12,  63)	         132.862   1
 etat : 1276	(  12,  64)	         133.268   1
 etat : 1277	(  12,  65)	         133.679   1
 etat : 1278	(  12,  66)	         134.097   1
 etat : 1279	(  12,  67)	         134.521   1
 etat : 1280	(  12,  68)	         134.951   1
 etat : 1281	(  12,  69)	         135.387   1
 etat : 1282	(  12,  70)	          135.83   1
 etat : 1283	(  12,  71)	         136.279   1
 etat : 1284	(  12,  72)	         136.734   1
 etat : 1285	(  12,  73)	         137.195   1
 etat : 1286	(  12,  74)	         137.663   1
 etat : 1287	(  12,  75)	         138.137   1
 etat : 1288	(  12,  76)	         138.617   1
 etat : 1289	(  12,  77)	         139.104   1
 etat : 1290	(  12,  78)	         139.597   1
 etat : 1291	(  12,  79)	         140.096   1
 etat : 1292	(  12,  80)	         140.601   1
 etat : 1293	(  12,  81)	         141.112   1
 etat : 1294	(  12,  82)	          141.63   1
 etat : 1295	(  12,  83)	         142.154   1
 etat : 1296	(  12,  84)	         142.684   1
 etat : 1297	(  12,  85)	         143.221   1
 etat : 1298	(  12,  86)	         143.763   1
 etat : 1299	(  12,  87)	         144.312   1
 etat : 1300	(  12,  88)	         144.868   1
 etat : 1301	(  12,  89)	         145.429   1
 etat : 1302	(  12,  90)	         145.997   1
 etat : 1303	(  12,  91)	         146.572   1
 etat : 1304	(  12,  92)	         147.154   1
 etat : 1305	(  12,  93)	         147.745   1
 etat : 1306	(  12,  94)	         148.349   1
 etat : 1307	(  12,  95)	         148.978   1
 etat : 1308	(  12,  96)	         149.662   1
 etat : 1309	(  12,  97)	         150.479   1
 etat : 1310	(  12,  98)	         151.629   1
 etat : 1311	(  12,  99)	         153.638   1
 etat : 1312	(  12, 100)	          157.87   1

 etat : 1313	(  13,   0)	         121.795   0
 etat : 1314	(  13,   1)	         121.836   0
 etat : 1315	(  13,   2)	         121.878   0
 etat : 1316	(  13,   3)	         121.925   0
 etat : 1317	(  13,   4)	         121.974   0
 etat : 1318	(  13,   5)	         122.027   0
 etat : 1319	(  13,   6)	         122.083   0
 etat : 1320	(  13,   7)	         122.142   0
 etat : 1321	(  13,   8)	         122.204   0
 etat : 1322	(  13,   9)	          122.27   0
 etat : 1323	(  13,  10)	         122.339   0
 etat : 1324	(  13,  11)	         122.415   0
 etat : 1325	(  13,  12)	         122.492   0
 etat : 1326	(  13,  13)	         122.576   0
 etat : 1327	(  13,  14)	         122.664   1
 etat : 1328	(  13,  15)	         122.757   1
 etat : 1329	(  13,  16)	         122.855   1
 etat : 1330	(  13,  17)	         122.959   1
 etat : 1331	(  13,  18)	         123.069   1
 etat : 1332	(  13,  19)	         123.184   1
 etat : 1333	(  13,  20)	         123.305   1
 etat : 1334	(  13,  21)	         123.431   1
 etat : 1335	(  13,  22)	         123.563   1
 etat : 1336	(  13,  23)	         123.701   1
 etat : 1337	(  13,  24)	         123.844   1
 etat : 1338	(  13,  25)	         123.992   1
 etat : 1339	(  13,  26)	         124.147   1
 etat : 1340	(  13,  27)	         124.306   1
 etat : 1341	(  13,  28)	         124.472   1
 etat : 1342	(  13,  29)	         124.642   1
 etat : 1343	(  13,  30)	         124.819   1
 etat : 1344	(  13,  31)	         125.001   1
 etat : 1345	(  13,  32)	         125.188   1
 etat : 1346	(  13,  33)	         125.381   1
 etat : 1347	(  13,  34)	          125.58   1
 etat : 1348	(  13,  35)	         125.784   1
 etat : 1349	(  13,  36)	         125.994   1
 etat : 1350	(  13,  37)	         126.209   1
 etat : 1351	(  13,  38)	          126.43   1
 etat : 1352	(  13,  39)	         126.656   1
 etat : 1353	(  13,  40)	         126.888   1
 etat : 1354	(  13,  41)	         127.125   1
 etat : 1355	(  13,  42)	         127.368   1
 etat : 1356	(  13,  43)	         127.617   1
 etat : 1357	(  13,  44)	         127.871   1
 etat : 1358	(  13,  45)	         128.131   1
 etat : 1359	(  13,  46)	         128.396   1
 etat : 1360	(  13,  47)	         128.667   1
 etat : 1361	(  13,  48)	         128.943   1
 etat : 1362	(  13,  49)	         129.225   1
 etat : 1363	(  13,  50)	         129.513   1
 etat : 1364	(  13,  51)	         129.806   1
 etat : 1365	(  13,  52)	         130.104   1
 etat : 1366	(  13,  53)	         130.408   1
 etat : 1367	(  13,  54)	         130.718   1
 etat : 1368	(  13,  55)	         131.033   1
 etat : 1369	(  13,  56)	         131.354   1
 etat : 1370	(  13,  57)	         131.681   1
 etat : 1371	(  13,  58)	         132.012   1
 etat : 1372	(  13,  59)	          132.35   1
 etat : 1373	(  13,  60)	         132.693   1
 etat : 1374	(  13,  61)	         133.042   1
 etat : 1375	(  13,  62)	         133.396   1
 etat : 1376	(  13,  63)	         133.755   1
 etat : 1377	(  13,  64)	         134.121   1
 etat : 1378	(  13,  65)	         134.492   1
 etat : 1379	(  13,  66)	         134.868   1
 etat : 1380	(  13,  67)	          135.25   1
 etat : 1381	(  13,  68)	         135.637   1
 etat : 1382	(  13,  69)	         136.031   1
 etat : 1383	(  13,  70)	         136.429   1
 etat : 1384	(  13,  71)	         136.833   1
 etat : 1385	(  13,  72)	         137.243   1
 etat : 1386	(  13,  73)	         137.658   1
 etat : 1387	(  13,  74)	         138.079   1
 etat : 1388	(  13,  75)	         138.506   1
 etat : 1389	(  13,  76)	         138.938   1
 etat : 1390	(  13,  77)	         139.375   1
 etat : 1391	(  13,  78)	         139.818   1
 etat : 1392	(  13,  79)	         140.267   1
 etat : 1393	(  13,  80)	         140.721   1
 etat : 1394	(  13,  81)	         141.181   1
 etat : 1395	(  13,  82)	         141.647   1
 etat : 1396	(  13,  83)	         142.118   1
 etat : 1397	(  13,  84)	         142.594   1
 etat : 1398	(  13,  85)	         143.076   1
 etat : 1399	(  13,  86)	         143.564   1
 etat : 1400	(  13,  87)	         144.057   1
 etat : 1401	(  13,  88)	         144.556   1
 etat : 1402	(  13,  89)	          145.06   1
 etat : 1403	(  13,  90)	          145.57   1
 etat : 1404	(  13,  91)	         146.086   1
 etat : 1405	(  13,  92)	         146.607   1
 etat : 1406	(  13,  93)	         147.136   1
 etat : 1407	(  13,  94)	         147.675   1
 etat : 1408	(  13,  95)	         148.233   1
 etat : 1409	(  13,  96)	          148.83   1
 etat : 1410	(  13,  97)	         149.533   1
 etat : 1411	(  13,  98)	         150.516   1
 etat : 1412	(  13,  99)	         152.279   1
 etat : 1413	(  13, 100)	         156.212   1

 etat : 1414	(  14,   0)	         123.848   0
 etat : 1415	(  14,   1)	         123.883   0
 etat : 1416	(  14,   2)	         123.922   0
 etat : 1417	(  14,   3)	         123.965   0
 etat : 1418	(  14,   4)	         124.011   0
 etat : 1419	(  14,   5)	         124.059   0
 etat : 1420	(  14,   6)	         124.112   0
 etat : 1421	(  14,   7)	         124.167   0
 etat : 1422	(  14,   8)	         124.227   0
 etat : 1423	(  14,   9)	         124.289   0
 etat : 1424	(  14,  10)	         124.356   0
 etat : 1425	(  14,  11)	         124.425   0
 etat : 1426	(  14,  12)	         124.501   0
 etat : 1427	(  14,  13)	         124.579   0
 etat : 1428	(  14,  14)	         124.664   0
 etat : 1429	(  14,  15)	         124.752   1
 etat : 1430	(  14,  16)	         124.845   1
 etat : 1431	(  14,  17)	         124.944   1
 etat : 1432	(  14,  18)	         125.047   1
 etat : 1433	(  14,  19)	         125.156   1
 etat : 1434	(  14,  20)	         125.269   1
 etat : 1435	(  14,  21)	         125.388   1
 etat : 1436	(  14,  22)	         125.511   1
 etat : 1437	(  14,  23)	          125.64   1
 etat : 1438	(  14,  24)	         125.773   1
 etat : 1439	(  14,  25)	         125.911   1
 etat : 1440	(  14,  26)	         126.055   1
 etat : 1441	(  14,  27)	         126.203   1
 etat : 1442	(  14,  28)	         126.357   1
 etat : 1443	(  14,  29)	         126.515   1
 etat : 1444	(  14,  30)	         126.679   1
 etat : 1445	(  14,  31)	         126.847   1
 etat : 1446	(  14,  32)	         127.021   1
 etat : 1447	(  14,  33)	         127.199   1
 etat : 1448	(  14,  34)	         127.383   1
 etat : 1449	(  14,  35)	         127.571   1
 etat : 1450	(  14,  36)	         127.764   1
 etat : 1451	(  14,  37)	         127.963   1
 etat : 1452	(  14,  38)	         128.166   1
 etat : 1453	(  14,  39)	         128.375   1
 etat : 1454	(  14,  40)	         128.588   1
 etat : 1455	(  14,  41)	         128.807   1
 etat : 1456	(  14,  42)	          129.03   1
 etat : 1457	(  14,  43)	         129.259   1
 etat : 1458	(  14,  44)	         129.492   1
 etat : 1459	(  14,  45)	          129.73   1
 etat : 1460	(  14,  46)	         129.974   1
 etat : 1461	(  14,  47)	         130.222   1
 etat : 1462	(  14,  48)	         130.476   1
 etat : 1463	(  14,  49)	         130.734   1
 etat : 1464	(  14,  50)	         130.998   1
 etat : 1465	(  14,  51)	         131.266   1
 etat : 1466	(  14,  52)	          131.54   1
 etat : 1467	(  14,  53)	         131.818   1
 etat : 1468	(  14,  54)	         132.102   1
 etat : 1469	(  14,  55)	          132.39   1
 etat : 1470	(  14,  56)	         132.683   1
 etat : 1471	(  14,  57)	         132.982   1
 etat : 1472	(  14,  58)	         133.285   1
 etat : 1473	(  14,  59)	         133.594   1
 etat : 1474	(  14,  60)	         133.907   1
 etat : 1475	(  14,  61)	         134.226   1
 etat : 1476	(  14,  62)	         134.549   1
 etat : 1477	(  14,  63)	         134.878   1
 etat : 1478	(  14,  64)	         135.211   1
 etat : 1479	(  14,  65)	          135.55   1
 etat : 1480	(  14,  66)	         135.893   1
 etat : 1481	(  14,  67)	         136.241   1
 etat : 1482	(  14,  68)	         136.595   1
 etat : 1483	(  14,  69)	         136.953   1
 etat : 1484	(  14,  70)	         137.317   1
 etat : 1485	(  14,  71)	         137.685   1
 etat : 1486	(  14,  72)	         138.059   1
 etat : 1487	(  14,  73)	         138.437   1
 etat : 1488	(  14,  74)	         138.821   1
 etat : 1489	(  14,  75)	         139.209   1
 etat : 1490	(  14,  76)	         139.603   1
 etat : 1491	(  14,  77)	         140.001   1
 etat : 1492	(  14,  78)	         140.405   1
 etat : 1493	(  14,  79)	         140.813   1
 etat : 1494	(  14,  80)	         141.227   1
 etat : 1495	(  14,  81)	         141.645   1
 etat : 1496	(  14,  82)	         142.069   1
 etat : 1497	(  14,  83)	         142.497   1
 etat : 1498	(  14,  84)	         142.931   1
 etat : 1499	(  14,  85)	         143.369   1
 etat : 1500	(  14,  86)	         143.813   1
 etat : 1501	(  14,  87)	         144.261   1
 etat : 1502	(  14,  88)	         144.715   1
 etat : 1503	(  14,  89)	         145.174   1
 etat : 1504	(  14,  90)	         145.637   1
 etat : 1505	(  14,  91)	         146.106   1
 etat : 1506	(  14,  92)	          146.58   1
 etat : 1507	(  14,  93)	          147.06   1
 etat : 1508	(  14,  94)	         147.548   1
 etat : 1509	(  14,  95)	          148.05   1
 etat : 1510	(  14,  96)	         148.582   1
 etat : 1511	(  14,  97)	         149.198   1
 etat : 1512	(  14,  98)	         150.053   1
 etat : 1513	(  14,  99)	         151.615   1
 etat : 1514	(  14, 100)	         155.289   1

 etat : 1515	(  15,   0)	         125.905   0
 etat : 1516	(  15,   1)	         125.936   0
 etat : 1517	(  15,   2)	         125.971   0
 etat : 1518	(  15,   3)	          126.01   0
 etat : 1519	(  15,   4)	         126.052   0
 etat : 1520	(  15,   5)	         126.097   0
 etat : 1521	(  15,   6)	         126.146   0
 etat : 1522	(  15,   7)	         126.198   0
 etat : 1523	(  15,   8)	         126.253   0
 etat : 1524	(  15,   9)	         126.313   0
 etat : 1525	(  15,  10)	         126.375   0
 etat : 1526	(  15,  11)	         126.442   0
 etat : 1527	(  15,  12)	         126.512   0
 etat : 1528	(  15,  13)	         126.588   0
 etat : 1529	(  15,  14)	         126.667   0
 etat : 1530	(  15,  15)	         126.752   0
 etat : 1531	(  15,  16)	         126.841   1
 etat : 1532	(  15,  17)	         126.935   1
 etat : 1533	(  15,  18)	         127.033   1
 etat : 1534	(  15,  19)	         127.136   1
 etat : 1535	(  15,  20)	         127.244   1
 etat : 1536	(  15,  21)	         127.356   1
 etat : 1537	(  15,  22)	         127.472   1
 etat : 1538	(  15,  23)	         127.594   1
 etat : 1539	(  15,  24)	         127.719   1
 etat : 1540	(  15,  25)	         127.849   1
 etat : 1541	(  15,  26)	         127.984   1
 etat : 1542	(  15,  27)	         128.123   1
 etat : 1543	(  15,  28)	         128.267   1
 etat : 1544	(  15,  29)	         128.416   1
 etat : 1545	(  15,  30)	         128.569   1
 etat : 1546	(  15,  31)	         128.726   1
 etat : 1547	(  15,  32)	         128.888   1
 etat : 1548	(  15,  33)	         129.055   1
 etat : 1549	(  15,  34)	         129.226   1
 etat : 1550	(  15,  35)	         129.401   1
 etat : 1551	(  15,  36)	         129.582   1
 etat : 1552	(  15,  37)	         129.766   1
 etat : 1553	(  15,  38)	         129.956   1
 etat : 1554	(  15,  39)	          130.15   1
 etat : 1555	(  15,  40)	         130.348   1
 etat : 1556	(  15,  41)	         130.551   1
 etat : 1557	(  15,  42)	         130.758   1
 etat : 1558	(  15,  43)	          130.97   1
 etat : 1559	(  15,  44)	         131.187   1
 etat : 1560	(  15,  45)	         131.408   1
 etat : 1561	(  15,  46)	         131.634   1
 etat : 1562	(  15,  47)	         131.864   1
 etat : 1563	(  15,  48)	         132.099   1
 etat : 1564	(  15,  49)	         132.338   1
 etat : 1565	(  15,  50)	         132.582   1
 etat : 1566	(  15,  51)	          132.83   1
 etat : 1567	(  15,  52)	         133.083   1
 etat : 1568	(  15,  53)	         133.341   1
 etat : 1569	(  15,  54)	         133.603   1
 etat : 1570	(  15,  55)	         133.869   1
 etat : 1571	(  15,  56)	          134.14   1
 etat : 1572	(  15,  57)	         134.416   1
 etat : 1573	(  15,  58)	         134.696   1
 etat : 1574	(  15,  59)	         134.981   1
 etat : 1575	(  15,  60)	          135.27   1
 etat : 1576	(  15,  61)	         135.564   1
 etat : 1577	(  15,  62)	         135.862   1
 etat : 1578	(  15,  63)	         136.165   1
 etat : 1579	(  15,  64)	         136.473   1
 etat : 1580	(  15,  65)	         136.785   1
 etat : 1581	(  15,  66)	         137.101   1
 etat : 1582	(  15,  67)	         137.423   1
 etat : 1583	(  15,  68)	         137.748   1
 etat : 1584	(  15,  69)	         138.078   1
 etat : 1585	(  15,  70)	         138.413   1
 etat : 1586	(  15,  71)	         138.752   1
 etat : 1587	(  15,  72)	         139.096   1
 etat : 1588	(  15,  73)	         139.445   1
 etat : 1589	(  15,  74)	         139.798   1
 etat : 1590	(  15,  75)	         140.155   1
 etat : 1591	(  15,  76)	         140.517   1
 etat : 1592	(  15,  77)	         140.884   1
 etat : 1593	(  15,  78)	         141.255   1
 etat : 1594	(  15,  79)	         141.631   1
 etat : 1595	(  15,  80)	         142.011   1
 etat : 1596	(  15,  81)	         142.396   1
 etat : 1597	(  15,  82)	         142.785   1
 etat : 1598	(  15,  83)	         143.179   1
 etat : 1599	(  15,  84)	         143.577   1
 etat : 1600	(  15,  85)	          143.98   1
 etat : 1601	(  15,  86)	         144.388   1
 etat : 1602	(  15,  87)	           144.8   1
 etat : 1603	(  15,  88)	         145.216   1
 etat : 1604	(  15,  89)	         145.638   1
 etat : 1605	(  15,  90)	         146.063   1
 etat : 1606	(  15,  91)	         146.494   1
 etat : 1607	(  15,  92)	         146.929   1
 etat : 1608	(  15,  93)	         147.369   1
 etat : 1609	(  15,  94)	         147.816   1
 etat : 1610	(  15,  95)	         148.273   1
 etat : 1611	(  15,  96)	         148.755   1
 etat : 1612	(  15,  97)	         149.303   1
 etat : 1613	(  15,  98)	         150.056   1
 etat : 1614	(  15,  99)	         151.453   1
 etat : 1615	(  15, 100)	           154.9   1

#############################################

